The original message:
The highest forms of understanding we can achieve are laughter and human compassion. Richard Feynman

The preprocessed message (invisible characters removed):
ThehighestformsofunderstandingwecanachievearelaughterandhumancompassionRichardFeynman

The decimal representation of the preprocessed message:
84 104 101 104 105 103 104 101 115 116 102 111 114 109 115 111 102 117 110 100 101 114 115 116 97 110 100 105 110 103 119 101 99 97 110 97 99 104 105 101 118 101 97 114 101 108 97 117 103 104 116 101 114 97 110 100 104 117 109 97 110 99 111 109 112 97 115 115 105 111 110 82 105 99 104 97 114 100 70 101 121 110 109 97 110 

The hex representation of the preprocessed message:
54 68 65 68 69 67 68 65 73 74 66 6F 72 6D 73 6F 66 75 6E 64 65 72 73 74 61 6E 64 69 6E 67 77 65 63 61 6E 61 63 68 69 65 76 65 61 72 65 6C 61 75 67 68 74 65 72 61 6E 64 68 75 6D 61 6E 63 6F 6D 70 61 73 73 69 6F 6E 52 69 63 68 61 72 64 46 65 79 6E 6D 61 6E 

The binary representation of the preprocessed message:
01010100 01101000 01100101 01101000 01101001 01100111 01101000 01100101 01110011 01110100 01100110 01101111 01110010 01101101 01110011 01101111 01100110 01110101 01101110 01100100 01100101 01110010 01110011 01110100 01100001 01101110 01100100 01101001 01101110 01100111 01110111 01100101 01100011 01100001 01101110 01100001 01100011 01101000 01101001 01100101 01110110 01100101 01100001 01110010 01100101 01101100 01100001 01110101 01100111 01101000 01110100 01100101 01110010 01100001 01101110 01100100 01101000 01110101 01101101 01100001 01101110 01100011 01101111 01101101 01110000 01100001 01110011 01110011 01101001 01101111 01101110 01010010 01101001 01100011 01101000 01100001 01110010 01100100 01000110 01100101 01111001 01101110 01101101 01100001 01101110

The binary representation of the original message prepared for CRC computation
(padded with 8 zeros):
01010100 01101000 01100101 01101000 01101001 01100111 01101000 01100101 01110011 01110100 01100110 01101111 01110010 01101101 01110011 01101111 01100110 01110101 01101110 01100100 01100101 01110010 01110011 01110100 01100001 01101110 01100100 01101001 01101110 01100111 01110111 01100101 01100011 01100001 01101110 01100001 01100011 01101000 01101001 01100101 01110110 01100101 01100001 01110010 01100101 01101100 01100001 01110101 01100111 01101000 01110100 01100101 01110010 01100001 01101110 01100100 01101000 01110101 01101101 01100001 01101110 01100011 01101111 01101101 01110000 01100001 01110011 01110011 01101001 01101111 01101110 01010010 01101001 01100011 01101000 01100001 01110010 01100100 01000110 01100101 01111001 01101110 01101101 01100001 01101110 00000000

The crc value for the chosen crc algorithm in binary:
11101001

The crc value for the chosen crc algorithm in hex:
E9

The input in hex for this XOR checksum computation:
54686568696768657374666F726D736F66756E6465727374616E64696E67776563616E616368696576656172656C61756768746572616E6468756D616E636F6D70617373696F6E526963686172644665796E6D616EE9

The input in binary for this XOR checksum computation:
0101 0100 0110 1000 0110 0101 0110 1000 0110 1001 0110 0111 0110 1000 0110 0101 0111 0011 0111 0100 0110 0110 0110 1111 0111 0010 0110 1101 0111 0011 0110 1111 0110 0110 0111 0101 0110 1110 0110 0100 0110 0101 0111 0010 0111 0011 0111 0100 0110 0001 0110 1110 0110 0100 0110 1001 0110 1110 0110 0111 0111 0111 0110 0101 0110 0011 0110 0001 0110 1110 0110 0001 0110 0011 0110 1000 0110 1001 0110 0101 0111 0110 0110 0101 0110 0001 0111 0010 0110 0101 0110 1100 0110 0001 0111 0101 0110 0111 0110 1000 0111 0100 0110 0101 0111 0010 0110 0001 0110 1110 0110 0100 0110 1000 0111 0101 0110 1101 0110 0001 0110 1110 0110 0011 0110 1111 0110 1101 0111 0000 0110 0001 0111 0011 0111 0011 0110 1001 0110 1111 0110 1110 0101 0010 0110 1001 0110 0011 0110 1000 0110 0001 0111 0010 0110 0100 0100 0110 0110 0101 0111 1001 0110 1110 0110 1101 0110 0001 0110 1110 1110 1001

The xor checksum value for the chosen crc algorithm in binary:
1010

The xor checksum value for the chosen crc algorithm in hex:
A

The final message is going to be transmitted in hex:
54686568696768657374666F726D736F66756E6465727374616E64696E67776563616E616368696576656172656C61756768746572616E6468756D616E636F6D70617373696F6E526963686172644665796E6D616EE9A
