The original message:
The first principle is that you must not fool yourself and you are the easiest person to fool.   Richard Feynman 

The preprocessed message (invisible characters removed):
ThefirstprincipleisthatyoumustnotfoolyourselfandyouaretheeasiestpersontofoolRichardFeynman

The decimal representation of the preprocessed message:
84 104 101 102 105 114 115 116 112 114 105 110 99 105 112 108 101 105 115 116 104 97 116 121 111 117 109 117 115 116 110 111 116 102 111 111 108 121 111 117 114 115 101 108 102 97 110 100 121 111 117 97 114 101 116 104 101 101 97 115 105 101 115 116 112 101 114 115 111 110 116 111 102 111 111 108 82 105 99 104 97 114 100 70 101 121 110 109 97 110 

The hex representation of the preprocessed message:
54 68 65 66 69 72 73 74 70 72 69 6E 63 69 70 6C 65 69 73 74 68 61 74 79 6F 75 6D 75 73 74 6E 6F 74 66 6F 6F 6C 79 6F 75 72 73 65 6C 66 61 6E 64 79 6F 75 61 72 65 74 68 65 65 61 73 69 65 73 74 70 65 72 73 6F 6E 74 6F 66 6F 6F 6C 52 69 63 68 61 72 64 46 65 79 6E 6D 61 6E 

The binary representation of the preprocessed message:
01010100 01101000 01100101 01100110 01101001 01110010 01110011 01110100 01110000 01110010 01101001 01101110 01100011 01101001 01110000 01101100 01100101 01101001 01110011 01110100 01101000 01100001 01110100 01111001 01101111 01110101 01101101 01110101 01110011 01110100 01101110 01101111 01110100 01100110 01101111 01101111 01101100 01111001 01101111 01110101 01110010 01110011 01100101 01101100 01100110 01100001 01101110 01100100 01111001 01101111 01110101 01100001 01110010 01100101 01110100 01101000 01100101 01100101 01100001 01110011 01101001 01100101 01110011 01110100 01110000 01100101 01110010 01110011 01101111 01101110 01110100 01101111 01100110 01101111 01101111 01101100 01010010 01101001 01100011 01101000 01100001 01110010 01100100 01000110 01100101 01111001 01101110 01101101 01100001 01101110

The binary representation of the original message prepared for CRC computation
(padded with 8 zeros):
01010100 01101000 01100101 01100110 01101001 01110010 01110011 01110100 01110000 01110010 01101001 01101110 01100011 01101001 01110000 01101100 01100101 01101001 01110011 01110100 01101000 01100001 01110100 01111001 01101111 01110101 01101101 01110101 01110011 01110100 01101110 01101111 01110100 01100110 01101111 01101111 01101100 01111001 01101111 01110101 01110010 01110011 01100101 01101100 01100110 01100001 01101110 01100100 01111001 01101111 01110101 01100001 01110010 01100101 01110100 01101000 01100101 01100101 01100001 01110011 01101001 01100101 01110011 01110100 01110000 01100101 01110010 01110011 01101111 01101110 01110100 01101111 01100110 01101111 01101111 01101100 01010010 01101001 01100011 01101000 01100001 01110010 01100100 01000110 01100101 01111001 01101110 01101101 01100001 01101110 00000000

The crc value for the chosen crc algorithm in binary:
01100001

The crc value for the chosen crc algorithm in hex:
61

The input in hex for this XOR checksum computation:
54686566697273747072696E6369706C65697374686174796F756D7573746E6F74666F6F6C796F757273656C66616E64796F7561726574686565617369657374706572736F6E746F666F6F6C526963686172644665796E6D616E61

The input in binary for this XOR checksum computation:
0101 0100 0110 1000 0110 0101 0110 0110 0110 1001 0111 0010 0111 0011 0111 0100 0111 0000 0111 0010 0110 1001 0110 1110 0110 0011 0110 1001 0111 0000 0110 1100 0110 0101 0110 1001 0111 0011 0111 0100 0110 1000 0110 0001 0111 0100 0111 1001 0110 1111 0111 0101 0110 1101 0111 0101 0111 0011 0111 0100 0110 1110 0110 1111 0111 0100 0110 0110 0110 1111 0110 1111 0110 1100 0111 1001 0110 1111 0111 0101 0111 0010 0111 0011 0110 0101 0110 1100 0110 0110 0110 0001 0110 1110 0110 0100 0111 1001 0110 1111 0111 0101 0110 0001 0111 0010 0110 0101 0111 0100 0110 1000 0110 0101 0110 0101 0110 0001 0111 0011 0110 1001 0110 0101 0111 0011 0111 0100 0111 0000 0110 0101 0111 0010 0111 0011 0110 1111 0110 1110 0111 0100 0110 1111 0110 0110 0110 1111 0110 1111 0110 1100 0101 0010 0110 1001 0110 0011 0110 1000 0110 0001 0111 0010 0110 0100 0100 0110 0110 0101 0111 1001 0110 1110 0110 1101 0110 0001 0110 1110 0110 0001

The xor checksum value for the chosen crc algorithm in binary:
0011

The xor checksum value for the chosen crc algorithm in hex:
3

The final message is going to be transmitted in hex:
54686566697273747072696E6369706C65697374686174796F756D7573746E6F74666F6F6C796F757273656C66616E64796F7561726574686565617369657374706572736F6E746F666F6F6C526963686172644665796E6D616E613
