The original message:
A fanatic is one who can't change his mind and won't change the subject.    Sir Winston Churchill

The preprocessed message (invisible characters removed):
AfanaticisonewhocantchangehismindandwontchangethesubjectSirWinstonChurchill

The decimal representation of the preprocessed message:
65 102 97 110 97 116 105 99 105 115 111 110 101 119 104 111 99 97 110 116 99 104 97 110 103 101 104 105 115 109 105 110 100 97 110 100 119 111 110 116 99 104 97 110 103 101 116 104 101 115 117 98 106 101 99 116 83 105 114 87 105 110 115 116 111 110 67 104 117 114 99 104 105 108 108 

The hex representation of the preprocessed message:
41 66 61 6E 61 74 69 63 69 73 6F 6E 65 77 68 6F 63 61 6E 74 63 68 61 6E 67 65 68 69 73 6D 69 6E 64 61 6E 64 77 6F 6E 74 63 68 61 6E 67 65 74 68 65 73 75 62 6A 65 63 74 53 69 72 57 69 6E 73 74 6F 6E 43 68 75 72 63 68 69 6C 6C 

The binary representation of the preprocessed message:
01000001 01100110 01100001 01101110 01100001 01110100 01101001 01100011 01101001 01110011 01101111 01101110 01100101 01110111 01101000 01101111 01100011 01100001 01101110 01110100 01100011 01101000 01100001 01101110 01100111 01100101 01101000 01101001 01110011 01101101 01101001 01101110 01100100 01100001 01101110 01100100 01110111 01101111 01101110 01110100 01100011 01101000 01100001 01101110 01100111 01100101 01110100 01101000 01100101 01110011 01110101 01100010 01101010 01100101 01100011 01110100 01010011 01101001 01110010 01010111 01101001 01101110 01110011 01110100 01101111 01101110 01000011 01101000 01110101 01110010 01100011 01101000 01101001 01101100 01101100

The binary representation of the original message prepared for CRC computation
(padded with 8 zeros):
01000001 01100110 01100001 01101110 01100001 01110100 01101001 01100011 01101001 01110011 01101111 01101110 01100101 01110111 01101000 01101111 01100011 01100001 01101110 01110100 01100011 01101000 01100001 01101110 01100111 01100101 01101000 01101001 01110011 01101101 01101001 01101110 01100100 01100001 01101110 01100100 01110111 01101111 01101110 01110100 01100011 01101000 01100001 01101110 01100111 01100101 01110100 01101000 01100101 01110011 01110101 01100010 01101010 01100101 01100011 01110100 01010011 01101001 01110010 01010111 01101001 01101110 01110011 01110100 01101111 01101110 01000011 01101000 01110101 01110010 01100011 01101000 01101001 01101100 01101100 00000000

The crc value for the chosen crc algorithm in binary:
10111011

The crc value for the chosen crc algorithm in hex:
BB

The input in hex for this XOR checksum computation:
4166616E6174696369736F6E6577686F63616E746368616E67656869736D696E64616E64776F6E746368616E67657468657375626A65637453697257696E73746F6E436875726368696C6CBB

The input in binary for this XOR checksum computation:
0100 0001 0110 0110 0110 0001 0110 1110 0110 0001 0111 0100 0110 1001 0110 0011 0110 1001 0111 0011 0110 1111 0110 1110 0110 0101 0111 0111 0110 1000 0110 1111 0110 0011 0110 0001 0110 1110 0111 0100 0110 0011 0110 1000 0110 0001 0110 1110 0110 0111 0110 0101 0110 1000 0110 1001 0111 0011 0110 1101 0110 1001 0110 1110 0110 0100 0110 0001 0110 1110 0110 0100 0111 0111 0110 1111 0110 1110 0111 0100 0110 0011 0110 1000 0110 0001 0110 1110 0110 0111 0110 0101 0111 0100 0110 1000 0110 0101 0111 0011 0111 0101 0110 0010 0110 1010 0110 0101 0110 0011 0111 0100 0101 0011 0110 1001 0111 0010 0101 0111 0110 1001 0110 1110 0111 0011 0111 0100 0110 1111 0110 1110 0100 0011 0110 1000 0111 0101 0111 0010 0110 0011 0110 1000 0110 1001 0110 1100 0110 1100 1011 1011

The xor checksum value for the chosen crc algorithm in binary:
0111

The xor checksum value for the chosen crc algorithm in hex:
7

The final message is going to be transmitted in hex:
4166616E6174696369736F6E6577686F63616E746368616E67656869736D696E64616E64776F6E746368616E67657468657375626A65637453697257696E73746F6E436875726368696C6CBB7
