The original message:
A love for tradition has never weakened a nation, indeed it has strengthened nations in their hour of peril.    Sir Winston Churchill

The preprocessed message (invisible characters removed):
AlovefortraditionhasneverweakenedanationindeedithasstrengthenednationsintheirhourofperilSirWinstonChurchill

The decimal representation of the preprocessed message:
65 108 111 118 101 102 111 114 116 114 97 100 105 116 105 111 110 104 97 115 110 101 118 101 114 119 101 97 107 101 110 101 100 97 110 97 116 105 111 110 105 110 100 101 101 100 105 116 104 97 115 115 116 114 101 110 103 116 104 101 110 101 100 110 97 116 105 111 110 115 105 110 116 104 101 105 114 104 111 117 114 111 102 112 101 114 105 108 83 105 114 87 105 110 115 116 111 110 67 104 117 114 99 104 105 108 108 

The hex representation of the preprocessed message:
41 6C 6F 76 65 66 6F 72 74 72 61 64 69 74 69 6F 6E 68 61 73 6E 65 76 65 72 77 65 61 6B 65 6E 65 64 61 6E 61 74 69 6F 6E 69 6E 64 65 65 64 69 74 68 61 73 73 74 72 65 6E 67 74 68 65 6E 65 64 6E 61 74 69 6F 6E 73 69 6E 74 68 65 69 72 68 6F 75 72 6F 66 70 65 72 69 6C 53 69 72 57 69 6E 73 74 6F 6E 43 68 75 72 63 68 69 6C 6C 

The binary representation of the preprocessed message:
01000001 01101100 01101111 01110110 01100101 01100110 01101111 01110010 01110100 01110010 01100001 01100100 01101001 01110100 01101001 01101111 01101110 01101000 01100001 01110011 01101110 01100101 01110110 01100101 01110010 01110111 01100101 01100001 01101011 01100101 01101110 01100101 01100100 01100001 01101110 01100001 01110100 01101001 01101111 01101110 01101001 01101110 01100100 01100101 01100101 01100100 01101001 01110100 01101000 01100001 01110011 01110011 01110100 01110010 01100101 01101110 01100111 01110100 01101000 01100101 01101110 01100101 01100100 01101110 01100001 01110100 01101001 01101111 01101110 01110011 01101001 01101110 01110100 01101000 01100101 01101001 01110010 01101000 01101111 01110101 01110010 01101111 01100110 01110000 01100101 01110010 01101001 01101100 01010011 01101001 01110010 01010111 01101001 01101110 01110011 01110100 01101111 01101110 01000011 01101000 01110101 01110010 01100011 01101000 01101001 01101100 01101100

The binary representation of the original message prepared for CRC computation
(padded with 8 zeros):
01000001 01101100 01101111 01110110 01100101 01100110 01101111 01110010 01110100 01110010 01100001 01100100 01101001 01110100 01101001 01101111 01101110 01101000 01100001 01110011 01101110 01100101 01110110 01100101 01110010 01110111 01100101 01100001 01101011 01100101 01101110 01100101 01100100 01100001 01101110 01100001 01110100 01101001 01101111 01101110 01101001 01101110 01100100 01100101 01100101 01100100 01101001 01110100 01101000 01100001 01110011 01110011 01110100 01110010 01100101 01101110 01100111 01110100 01101000 01100101 01101110 01100101 01100100 01101110 01100001 01110100 01101001 01101111 01101110 01110011 01101001 01101110 01110100 01101000 01100101 01101001 01110010 01101000 01101111 01110101 01110010 01101111 01100110 01110000 01100101 01110010 01101001 01101100 01010011 01101001 01110010 01010111 01101001 01101110 01110011 01110100 01101111 01101110 01000011 01101000 01110101 01110010 01100011 01101000 01101001 01101100 01101100 00000000

The crc value for the chosen crc algorithm in binary:
00010010

The crc value for the chosen crc algorithm in hex:
12

The input in hex for this XOR checksum computation:
416C6F7665666F72747261646974696F6E6861736E657665727765616B656E6564616E6174696F6E696E646565646974686173737472656E677468656E65646E6174696F6E73696E7468656972686F75726F66706572696C53697257696E73746F6E436875726368696C6C12

The input in binary for this XOR checksum computation:
0100 0001 0110 1100 0110 1111 0111 0110 0110 0101 0110 0110 0110 1111 0111 0010 0111 0100 0111 0010 0110 0001 0110 0100 0110 1001 0111 0100 0110 1001 0110 1111 0110 1110 0110 1000 0110 0001 0111 0011 0110 1110 0110 0101 0111 0110 0110 0101 0111 0010 0111 0111 0110 0101 0110 0001 0110 1011 0110 0101 0110 1110 0110 0101 0110 0100 0110 0001 0110 1110 0110 0001 0111 0100 0110 1001 0110 1111 0110 1110 0110 1001 0110 1110 0110 0100 0110 0101 0110 0101 0110 0100 0110 1001 0111 0100 0110 1000 0110 0001 0111 0011 0111 0011 0111 0100 0111 0010 0110 0101 0110 1110 0110 0111 0111 0100 0110 1000 0110 0101 0110 1110 0110 0101 0110 0100 0110 1110 0110 0001 0111 0100 0110 1001 0110 1111 0110 1110 0111 0011 0110 1001 0110 1110 0111 0100 0110 1000 0110 0101 0110 1001 0111 0010 0110 1000 0110 1111 0111 0101 0111 0010 0110 1111 0110 0110 0111 0000 0110 0101 0111 0010 0110 1001 0110 1100 0101 0011 0110 1001 0111 0010 0101 0111 0110 1001 0110 1110 0111 0011 0111 0100 0110 1111 0110 1110 0100 0011 0110 1000 0111 0101 0111 0010 0110 0011 0110 1000 0110 1001 0110 1100 0110 1100 0001 0010

The xor checksum value for the chosen crc algorithm in binary:
1001

The xor checksum value for the chosen crc algorithm in hex:
9

The final message is going to be transmitted in hex:
416C6F7665666F72747261646974696F6E6861736E657665727765616B656E6564616E6174696F6E696E646565646974686173737472656E677468656E65646E6174696F6E73696E7468656972686F75726F66706572696C53697257696E73746F6E436875726368696C6C129
